NDims = 3
DimSize = 256 256 256
ElementSpacing = 0.5267371088266373 0.6796363145112991 0.5610840693116188
ElementType = uint8
ElementDataFile = D:\3_INGE\ETS S9\SYS818\projet\vtk\OAS1_0002_MR1_mpr_nn_anon_111_t88_masked_gfc.key.img
